[[1, 0, 3],
 [21, 1, 121],
 [21, 22, 61],
 [42, 44, 142],
 [44, 42, 45],
 [48, 52, 148],
 [49, 50, 149],
 [51, 45, 50],
 [61, 21, 81],
 [61, 63, 66],
 [84, 44, 204],
 [84, 82, 90],
 [89, 49, 94],
 [89, 69, 90],
 [91, 51, 211],
 [91, 71, 111],
 [91, 85, 93],
 [91, 93, 96],
 [94, 74, 95],
 [96, 76, 98],
 [96, 95, 216],
 [104, 102, 110],
 [110, 107, 112],
 [115, 110, 235],
 [140, 40, 120],
 [141, 41, 146],
 [143, 43, 149],
 [145, 45, 151],
 [164, 163, 165],
 [171, 165, 170],
 [200, 80, 140],
 [201, 81, 221],
 [203, 83, 243],
 [205, 85, 245],
 [220, 100, 260],
 [221, 101, 261],
 [223, 103, 224],
 [225, 105, 231],
 [226, 106, 229],
 [229, 109, 230],
 [231, 111, 271],
 [231, 233, 236],
 [234, 114, 235],
 [236, 116, 238],
 [236, 235, 336],
 [244, 242, 344],
 [251, 211, 351],
 [251, 253, 256],
 [256, 255, 276],
 [264, 262, 364],
 [270, 267, 370],
 [275, 274, 276],
 [344, 342, 350],
 [364, 362, 370],
 [370, 367, 390],
 [373, 273, 371],
 [373, 273, 393],
 [375, 374, 376],
 [378, 278, 376],
 [378, 278, 398],
 [379, 279, 378],
 [384, 383, 385],
 [390, 387, 1190],
 [395, 394, 396],
 [409, 403, 410],
 [410, 404, 412],
 [410, 415, 430],
 [429, 423, 430],
 [430, 424, 431],
 [431, 425, 433],
 [433, 438, 473],
 [443, 483, 543],
 [444, 442, 443],
 [451, 445, 453],
 [469, 463, 470],
 [470, 464, 472],
 [471, 431, 591],
 [483, 443, 503],
 [483, 463, 484],
 [484, 444, 604],
 [484, 464, 504],
 [484, 482, 485],
 [484, 485, 504],
 [491, 485, 493],
 [491, 493, 496],
 [494, 474, 514],
 [495, 475, 515],
 [495, 496, 497],
 [518, 498, 516],
 [518, 513, 638],
 [531, 525, 530],
 [540, 440, 560],
 [541, 441, 561],
 [542, 442, 562],
 [551, 545, 550],
 [564, 562, 565],
 [571, 565, 570],
 [591, 585, 596],
 [600, 480, 540],
 [601, 481, 603],
 [602, 482, 622],
 [611, 591, 711],
 [611, 610, 711],
 [620, 500, 600],
 [621, 501, 626],
 [622, 502, 602],
 [623, 503, 603],
 [624, 504, 623],
 [624, 623, 724],
 [626, 506, 606],
 [627, 507, 626],
 [629, 509, 630],
 [630, 510, 635],
 [630, 631, 635],
 [634, 514, 635],
 [635, 515, 637],
 [635, 636, 637],
 [638, 518, 738],
 [638, 633, 738],
 [644, 642, 643],
 [644, 645, 664],
 [651, 611, 671],
 [651, 653, 671],
 [655, 656, 675],
 [678, 638, 778],
 [678, 676, 677],
 [759, 779, 1559],
 [765, 665, 745],
 [771, 671, 765],
 [771, 671, 776],
 [776, 676, 775],
 [776, 676, 778],
 [779, 679, 778],
 [798, 796, 797],
 [801, 1, 821],
 [808, 807, 828],
 [823, 803, 829],
 [823, 824, 863],
 [824, 804, 830],
 [824, 825, 864],
 [825, 805, 831],
 [825, 824, 845],
 [841, 821, 941],
 [841, 843, 881],
 [881, 861, 901],
 [881, 883, 886],
 [889, 849, 869],
 [889, 849, 909],
 [889, 909, 1009],
 [890, 850, 910],
 [891, 851, 871],
 [891, 851, 911],
 [892, 852, 897],
 [893, 853, 898],
 [894, 854, 889],
 [895, 855, 897],
 [896, 856, 916],
 [897, 857, 898],
 [898, 858, 896],
 [898, 918, 1018],
 [901, 881, 1021],
 [901, 902, 1021],
 [944, 844, 924],
 [944, 942, 950],
 [948, 1008, 1348],
 [949, 954, 1009],
 [951, 931, 1011],
 [964, 962, 970],
 [971, 965, 973],
 [1004, 884, 984],
 [1004, 1002, 1010],
 [1013, 953, 1018],
 [1018, 958, 1019],
 [1019, 959, 999],
 [1022, 1027, 1122],
 [1024, 1022, 1064],
 [1029, 909, 1009],
 [1029, 909, 1069],
 [1031, 911, 1025],
 [1031, 911, 1131],
 [1031, 1025, 1033],
 [1031, 1033, 1131],
 [1034, 914, 1134],
 [1036, 916, 1136],
 [1036, 1038, 1136],
 [1044, 1042, 1050],
 [1053, 973, 1073],
 [1058, 978, 1078],
 [1059, 979, 1079],
 [1064, 1062, 1063],
 [1071, 1065, 1073],
 [1071, 1073, 1171],
 [1076, 1078, 1176],
 [1104, 1084, 1124],
 [1124, 1122, 1123],
 [1130, 1127, 1135],
 [1135, 1130, 1175],
 [1144, 1142, 1143],
 [1164, 1162, 1163],
 [1170, 1167, 1175],
 [1175, 1174, 1176],
 [1184, 1182, 1185],
 [1190, 1187, 1189],
 [1195, 1190, 1196],
 [1209, 409, 1214],
 [1210, 1204, 1215],
 [1211, 1205, 1216],
 [1220, 1200, 1221],
 [1221, 1201, 1241],
 [1221, 1223, 1241],
 [1222, 1202, 1224],
 [1222, 1224, 1227],
 [1229, 1223, 1226],
 [1230, 1224, 1231],
 [1231, 1225, 1233],
 [1249, 1243, 1246],
 [1250, 1244, 1255],
 [1251, 1245, 1253],
 [1283, 1243, 1263],
 [1283, 1243, 1289],
 [1284, 1244, 1264],
 [1284, 1244, 1290],
 [1285, 1245, 1291],
 [1294, 1254, 1295],
 [1295, 1255, 1315],
 [1296, 1256, 1316],
 [1297, 1257, 1292],
 [1298, 1258, 1318],
 [1299, 1259, 1319],
 [1309, 1289, 1429],
 [1310, 1304, 1312],
 [1311, 1291, 1316],
 [1331, 1325, 1330],
 [1337, 1357, 1397],
 [1344, 1244, 1324],
 [1344, 1324, 1404],
 [1351, 1345, 1350],
 [1364, 1362, 1365],
 [1371, 1365, 1376],
 [1405, 1345, 1411],
 [1416, 1356, 1418],
 [1418, 1358, 1438],
 [1419, 1359, 1439],
 [1423, 1303, 1421],
 [1423, 1303, 1523],
 [1424, 1304, 1422],
 [1424, 1304, 1524],
 [1424, 1404, 1524],
 [1424, 1425, 1524],
 [1431, 1425, 1433],
 [1431, 1436, 1531],
 [1434, 1314, 1534],
 [1435, 1315, 1535],
 [1435, 1436, 1535],
 [1445, 1365, 1451],
 [1456, 1376, 1455],
 [1458, 1378, 1478],
 [1459, 1379, 1458],
 [1464, 1462, 1463],
 [1464, 1465, 1470],
 [1471, 1465, 1473],
 [1471, 1476, 1571],
 [1475, 1476, 1575],
 [1537, 1538, 1577],
 [1538, 1533, 1578],
 [1578, 1478, 1558],
 [1578, 1576, 1577],
 [1598, 1593, 1599],
 [1027, 907, 1007],
 [1027, 907, 1030],
 [1027, 1007, 1127],
 [1027, 1026, 1030],
 [1027, 1028, 1127],
 [1030, 910, 1070],
 [1030, 1024, 1029],
 [1030, 1027, 1029],
 [1030, 1032, 1130],
 [1035, 915, 1135],
 [1035, 1034, 1036],
 [1035, 1037, 1135],
 [1549, 1509, 1569],
 [529, 523, 526],
 [530, 524, 531],
 [1550, 1544, 1551],
 [1551, 1545, 1553],
 [1046, 966, 1049],
 [1557, 1555, 1577],
 [1049, 969, 1009],
 [1558, 758, 1559],
 [1558, 1553, 1557],
 [1051, 971, 1056],
 [1051, 1045, 1050],
 [1051, 1053, 1151],
 [1052, 972, 1057],
 [1054, 974, 1055],
 [543, 443, 563],
 [543, 523, 541],
 [544, 444, 564],
 [544, 524, 542],
 [544, 542, 545],
 [1056, 976, 1076],
 [1056, 1058, 1156],
 [546, 446, 566],
 [547, 447, 550],
 [548, 448, 528],
 [1057, 977, 1055],
 [554, 454, 574],
 [555, 455, 557],
 [1067, 1062, 1066],
 [1067, 1066, 1068],
 [557, 457, 537],
 [1070, 1064, 1069],
 [1070, 1064, 1170],
 [1070, 1072, 1075],
 [47, 27, 42],
 [47, 42, 48],
 [47, 48, 147],
 [50, 44, 51],
 [50, 47, 90],
 [1075, 1074, 1076],
 [1075, 1077, 1175],
 [55, 54, 57],
 [569, 549, 1369],
 [570, 564, 571],
 [570, 564, 1370],
 [1081, 981, 1082],
 [572, 552, 570],
 [1084, 984, 1085],
 [1090, 1084, 1095],
 [1095, 995, 1096],
 [589, 529, 594],
 [590, 530, 690],
 [1110, 1107, 1109],
 [87, 47, 82],
 [87, 47, 207],
 [87, 67, 86],
 [87, 82, 207],
 [90, 50, 92],
 [90, 70, 91],
 [90, 84, 87],
 [90, 87, 110],
 [90, 91, 92],
 [603, 483, 601],
 [603, 543, 643],
 [603, 583, 604],
 [604, 484, 605],
 [604, 544, 610],
 [604, 584, 605],
 [604, 584, 704],
 [604, 603, 704],
 [1115, 1110, 1135],
 [606, 486, 609],
 [95, 75, 96],
 [95, 94, 96],
 [95, 96, 115],
 [607, 487, 608],
 [608, 488, 588],
 [614, 494, 594],
 [614, 554, 634],
 [615, 495, 614],
 [615, 595, 610],
 [615, 614, 616],
 [617, 497, 557],
 [628, 228, 627],
 [628, 668, 728],
 [632, 628, 672],
 [121, 21, 122],
 [121, 122, 123],
 [124, 122, 144],
 [637, 517, 635],
 [637, 632, 677],
 [1150, 1144, 1170],
 [130, 127, 150],
 [1155, 1150, 1175],
 [135, 130, 935],
 [649, 643, 646],
 [650, 644, 649],
 [650, 644, 670],
 [650, 649, 670],
 [652, 612, 657],
 [652, 650, 653],
 [146, 46, 141],
 [146, 149, 546],
 [148, 208, 548],
 [149, 49, 143],
 [151, 51, 150],
 [151, 51, 153],
 [151, 131, 156],
 [152, 52, 150],
 [154, 54, 149],
 [156, 56, 151],
 [157, 57, 158],
 [167, 147, 168],
 [170, 150, 970],
 [170, 169, 171],
 [175, 170, 975],
 [689, 589, 690],
 [690, 590, 695],
 [691, 591, 690],
 [181, 121, 186],
 [181, 182, 186],
 [184, 182, 183],
 [698, 598, 1498],
 [190, 187, 191],
 [190, 210, 290],
 [703, 603, 743],
 [704, 604, 705],
 [704, 684, 703],
 [704, 684, 724],
 [704, 703, 744],
 [195, 190, 215],
 [711, 691, 713],
 [711, 710, 713],
 [714, 614, 715],
 [715, 615, 755],
 [715, 714, 716],
 [1226, 826, 1326],
 [1226, 1221, 1326],
 [1227, 1207, 1222],
 [1227, 1226, 1327],
 [206, 86, 146],
 [718, 713, 716],
 [208, 88, 148],
 [209, 89, 206],
 [209, 149, 229],
 [209, 189, 214],
 [1228, 828, 1248],
 [1228, 1208, 1328],
 [211, 91, 205],
 [211, 151, 231],
 [211, 191, 205],
 [211, 191, 213],
 [211, 210, 231],
 [212, 92, 210],
 [214, 94, 194],
 [214, 194, 209],
 [216, 96, 218],
 [216, 196, 215],
 [216, 215, 218],
 [217, 97, 215],
 [228, 108, 208],
 [232, 112, 230],
 [748, 768, 1548],
 [749, 709, 1549],
 [750, 710, 1550],
 [751, 711, 756],
 [751, 750, 753],
 [758, 753, 759],
 [247, 207, 250],
 [247, 246, 248],
 [250, 210, 270],
 [250, 247, 255],
 [250, 251, 270],
 [255, 250, 275],
 [255, 256, 257],
 [768, 368, 772],
 [772, 672, 752],
 [1286, 1246, 1281],
 [1287, 1247, 1288],
 [1288, 888, 1308],
 [777, 677, 775],
 [281, 181, 282],
 [281, 280, 301],
 [284, 184, 1084],
 [290, 287, 292],
 [295, 290, 294],
 [1329, 1229, 1389],
 [1330, 1324, 1331],
 [309, 209, 303],
 [309, 209, 329],
 [311, 211, 313],
 [311, 291, 310],
 [311, 291, 316],
 [311, 310, 316],
 [314, 214, 714],
 [314, 354, 714],
 [316, 296, 315],
 [316, 311, 356],
 [827, 807, 826],
 [827, 847, 867],
 [828, 868, 928],
 [1349, 1329, 1369],
 [1349, 1350, 1409],
 [1350, 1344, 1352],
 [1350, 1344, 1410],
 [1350, 1355, 1410],
 [1352, 1332, 1353],
 [1369, 1363, 1370],
 [1370, 1364, 1375],
 [1370, 1364, 1450],
 [1372, 1352, 1373],
 [350, 349, 351],
 [355, 350, 1155],
 [357, 377, 757],
 [1383, 1263, 1384],
 [1383, 1389, 1403],
 [1384, 1264, 1383],
 [1384, 1324, 1404],
 [1384, 1385, 1390],
 [1384, 1390, 1484],
 [368, 268, 348],
 [1394, 1274, 1389],
 [1395, 1275, 1394],
 [1395, 1394, 1415],
 [1395, 1397, 1495],
 [372, 272, 368],
 [1397, 1395, 1417],
 [1397, 1398, 1497],
 [886, 889, 1286],
 [887, 847, 882],
 [887, 907, 1007],
 [888, 908, 1008],
 [888, 1008, 1288],
 [377, 397, 777],
 [1403, 1283, 1423],
 [1403, 1343, 1409],
 [1403, 1423, 1503],
 [1404, 1284, 1424],
 [1404, 1344, 1410],
 [1404, 1384, 1410],
 [1404, 1405, 1424],
 [1406, 1346, 1409],
 [1407, 1347, 1406],
 [1408, 1348, 1388],
 [1414, 1294, 1415],
 [1414, 1354, 1394],
 [1415, 1295, 1455],
 [1415, 1355, 1435],
 [1415, 1416, 1417],
 [1417, 1357, 1415],
 [1429, 1309, 1409],
 [1429, 1309, 1469],
 [1429, 1423, 1426],
 [1430, 1310, 1424],
 [1430, 1310, 1530],
 [1430, 1424, 1435],
 [1430, 1424, 1530],
 [1430, 1431, 1470],
 [1432, 1312, 1412],
 [1432, 1312, 1532],
 [1432, 1412, 1433],
 [1432, 1433, 1437],
 [921, 821, 941],
 [924, 124, 923],
 [924, 922, 923],
 [930, 927, 932],
 [1443, 1363, 1444],
 [1444, 1364, 1443],
 [1444, 1404, 1544],
 [1444, 1445, 1450],
 [1446, 1366, 1449],
 [935, 930, 936],
 [1447, 1367, 1446],
 [1448, 1048, 1447],
 [1454, 1054, 1474],
 [1454, 1474, 1554],
 [1455, 1456, 1457],
 [1457, 1057, 1557],
 [1457, 1458, 1557],
 [947, 927, 946],
 [947, 948, 1007],
 [950, 930, 970],
 [950, 947, 951],
 [955, 950, 957],
 [1469, 1449, 1470],
 [1470, 1464, 1467],
 [1470, 1464, 1475],
 [1470, 1469, 1570],
 [1472, 1432, 1572],
 [1472, 1468, 1477],
 [1472, 1473, 1572],
 [449, 429, 549],
 [449, 489, 549],
 [450, 444, 449],
 [450, 444, 550],
 [450, 455, 550],
 [452, 432, 492],
 [967, 947, 970],
 [970, 964, 967],
 [970, 967, 969],
 [975, 970, 976],
 [1489, 1389, 1486],
 [1490, 1390, 1510],
 [1491, 1391, 1493],
 [981, 921, 980],
 [981, 986, 1001],
 [984, 924, 1084],
 [1498, 698, 1398],
 [1498, 1398, 1518],
 [1498, 1496, 1518],
 [989, 869, 929],
 [989, 990, 1009],
 [991, 871, 985],
 [991, 931, 993],
 [991, 990, 996],
 [992, 997, 1092],
 [994, 1094, 1394],
 [996, 991, 1016],
 [1509, 1489, 1510],
 [1510, 1504, 1507],
 [489, 469, 486],
 [489, 469, 509],
 [489, 483, 494],
 [490, 470, 484],
 [490, 470, 495],
 [490, 484, 492],
 [490, 487, 491],
 [490, 491, 495],
 [1511, 1505, 1513],
 [492, 452, 612],
 [492, 472, 497],
 [492, 488, 490],
 [492, 490, 497],
 [1006, 886, 1046],
 [1006, 1046, 1406],
 [1518, 1513, 1517],
 [1008, 888, 1028],
 [1008, 1048, 1108],
 [1009, 889, 1010],
 [1009, 889, 1109],
 [1009, 1029, 1049],
 [1011, 891, 1013],
 [1011, 951, 991],
 [1011, 991, 1013],
 [1011, 1010, 1111],
 [1012, 952, 992],
 [1014, 894, 1009],
 [1014, 894, 1414],
 [1016, 896, 1018],
 [1016, 956, 996],
 [1016, 1018, 1036],
 [1017, 957, 997],
 [1047, 967, 1048],
 [1047, 1007, 1147],
 [1047, 1046, 1048],
 [1050, 970, 1047],
 [1050, 1010, 1150],
 [1050, 1044, 1150],
 [1050, 1051, 1055],
 [1055, 975, 1057],
 [1055, 1054, 1056],
 [1055, 1057, 1155],
 [549, 449, 569],
 [549, 529, 546],
 [549, 543, 554],
 [550, 450, 555],
 [550, 530, 544],
 [550, 544, 549],
 [550, 544, 570],
 [552, 452, 532],
 [552, 452, 553],
 [552, 532, 557],
 [609, 489, 549],
 [609, 549, 606],
 [609, 549, 629],
 [609, 589, 610],
 [610, 490, 609],
 [610, 550, 612],
 [610, 590, 604],
 [610, 590, 650],
 [610, 604, 612],
 [610, 609, 612],
 [612, 492, 552],
 [612, 552, 610],
 [612, 552, 652],
 [612, 592, 610],
 [612, 610, 617],
 [127, 147, 187],
 [144, 44, 124],
 [144, 44, 145],
 [144, 124, 204],
 [709, 609, 706],
 [709, 689, 703],
 [709, 689, 729],
 [710, 610, 709],
 [710, 610, 750],
 [710, 690, 730],
 [710, 704, 711],
 [710, 709, 712],
 [713, 733, 753],
 [204, 84, 144],
 [204, 144, 203],
 [204, 202, 203],
 [733, 732, 773],
 [222, 262, 322],
 [224, 204, 324],
 [738, 638, 733],
 [738, 733, 737],
 [227, 107, 207],
 [227, 222, 267],
 [230, 110, 224],
 [230, 224, 330],
 [230, 231, 232],
 [235, 115, 215],
 [235, 215, 335],
 [235, 234, 237],
 [1269, 1229, 1274],
 [1270, 1230, 1390],
 [1271, 1231, 1270],
 [1273, 1272, 1393],
 [1273, 1278, 1393],
 [773, 772, 778],
 [1289, 1249, 1269],
 [1289, 1269, 1294],
 [778, 678, 738],
 [778, 678, 776],
 [778, 738, 758],
 [778, 758, 798],
 [778, 777, 779],
 [1290, 1250, 1291],
 [1290, 1270, 1310],
 [1290, 1295, 1410],
 [1291, 1271, 1290],
 [1291, 1293, 1296],
 [1291, 1311, 1411],
 [1292, 1297, 1312],
 [304, 204, 303],
 [304, 284, 324],
 [308, 328, 348],
 [821, 801, 826],
 [821, 822, 826],
 [821, 822, 861],
 [821, 841, 921],
 [822, 821, 862],
 [324, 304, 325],
 [330, 324, 335],
 [335, 315, 336],
 [861, 821, 863],
 [861, 862, 881],
 [1391, 1331, 1393],
 [1391, 1390, 1396],
 [1411, 1291, 1451],
 [1411, 1391, 1416],
 [1411, 1410, 1511],
 [1413, 1293, 1513],
 [1451, 1371, 1445],
 [1451, 1411, 1456],
 [1451, 1450, 1471],
 [1451, 1471, 1551],
 [988, 992, 1388],
 [990, 870, 984],
 [990, 930, 995],
 [990, 987, 989],
 [990, 991, 995],
 [995, 875, 935],
 [995, 935, 1095],
 [995, 994, 1015],
 [1513, 1512, 1553],
 [1007, 887, 1006],
 [1007, 887, 1107],
 [1007, 987, 1006],
 [1007, 1006, 1107],
 [1007, 1010, 1047],
 [1010, 890, 1015],
 [1010, 950, 1009],
 [1010, 990, 1030],
 [1010, 1007, 1009],
 [1010, 1012, 1015],
 [1015, 895, 1016],
 [1015, 955, 1010],
 [1015, 1010, 1016],
 [1015, 1016, 1115],
 [1015, 1035, 1115],
 [1409, 1289, 1406],
 [1409, 1349, 1389],
 [1409, 1389, 1410],
 [1409, 1449, 1509],
 [1410, 1290, 1411],
 [1410, 1350, 1404],
 [1410, 1390, 1430],
 [1410, 1404, 1430],
 [1410, 1411, 1412],
 [1410, 1430, 1510],
 [1412, 1292, 1413],
 [1412, 1292, 1512],
 [1412, 1392, 1432],
 [1412, 1410, 1432],
 [147, 47, 142],
 [147, 47, 167],
 [147, 127, 207],
 [150, 50, 149],
 [150, 50, 155],
 [150, 130, 155],
 [150, 144, 210],
 [155, 55, 135],
 [155, 150, 157],
 [1449, 1369, 1469],
 [1449, 1443, 1454],
 [1450, 1370, 1452],
 [1450, 1444, 1449],
 [1450, 1444, 1470],
 [1450, 1449, 1550],
 [1450, 1470, 1550],
 [1452, 1412, 1450],
 [1452, 1450, 1457],
 [307, 207, 287],
 [307, 287, 306],
 [307, 287, 308],
 [307, 306, 310],
 [310, 210, 309],
 [310, 290, 312],
 [310, 304, 309],
 [310, 304, 350],
 [310, 311, 315],
 [315, 215, 317],
 [315, 310, 314],
 [315, 316, 335],
 [712, 612, 713],
 [712, 692, 708],
 [712, 692, 717],
 [712, 710, 713],
 [207, 87, 202],
 [207, 147, 227],
 [207, 187, 202],
 [207, 187, 208],
 [207, 202, 307],
 [210, 90, 209],
 [210, 150, 212],
 [210, 190, 209],
 [210, 190, 250],
 [210, 207, 211],
 [210, 211, 250],
 [215, 95, 214],
 [215, 195, 216],
 [215, 210, 214],
 [215, 216, 217],
 [215, 235, 255],
 [215, 255, 315],
 [987, 927, 1007],
 [987, 988, 1007],
 [1389, 1269, 1383],
 [1389, 1269, 1390],
 [1389, 1329, 1390],
 [1389, 1390, 1489],
 [1390, 1270, 1391],
 [1390, 1330, 1490],
 [1390, 1384, 1490],
 [1390, 1389, 1392],
 [1390, 1395, 1410],
 [1392, 1272, 1412],
 [1392, 1332, 1412],
 [1392, 1390, 1492]]